
t -40. 0 20.0 40. 0 20 0. 0 -20.0
m 0.0 0.0 0.0 0.7 0.7 0.7 100. 0.7 0.7 0.7

t 0. 40 0 40. 0 20 0. 0 -20.0
m 0.0 0.0 0.0 0.7 0.7 0.7 100. 0.7 0.7 0.7

t 0. 40 0 0. 0 -20.0 -40. 0 20.0
m 0.0 0.0 0.0 0.7 0.7 0.7 100. 0.7 0.7 0.7

t 0. 40 0.0 -40. 0 20.0 40. 0 20
m 0.0 0.0 0.0 0.7 0.7 0.7 100. 0.7 0.7 0.7

/purple sphere
s 0. 20 -80.0 30.
m 0.3137 0.0 0.3137 0.7 0.7 0.7 100. 0.5 0.5 0.5

/blue
s 55 20 -80.0 25.
m 0.0 0.0 0.678 0.7 0.7 0.7 100. 0.5 0.5 0.5
s -55 20 -80.0 25.
m 0.0 0.0 0.678 0.7 0.7 0.7 100. 0.5 0.5 0.5

/green
s 100 20 -80.0 20.
m 0.0 0.5450 0.0 0.7 0.7 0.7 100. 0.5 0.5 0.5
s -100 20 -80.0 20.
m 0.0 0.5450 0.0 0.7 0.7 0.7 100. 0.5 0.5 0.5

/yellow
s 135 20 -80.0 15.
m 1.0 1.0 0.0 0.7 0.7 0.7 100. 0.5 0.5 0.5
s -135 20 -80.0 15.
m 1.0 1.0 0.0 0.7 0.7 0.7 100. 0.5 0.5 0.5

/orange
s 160 20 -80.0 10.
m 1.0 0.2 0.0 0.7 0.7 0.7 100. 0.5 0.5 0.5
s -160 20 -80.0 10.
m 1.0 0.2 0.0 0.7 0.7 0.7 100. 0.5 0.5 0.5

/red
s 175 20 -80.0 5.
m 1.0 0.0 0.0 0.7 0.7 0.7 100. 0.5 0.5 0.5
s -175 20 -80.0 5.
m 1.0 0.0 0.0 0.7 0.7 0.7 100. 0.5 0.5 0.5

/black sphere
s 0 20 -300 100 
m 0.0 0.0 0.0 0.7 0.7 0.7 100. 0.7 0.7 0.7


/ one grey ground plane
p 0.0 1.0 0.0 40.0
m 0.1 0.1 0.1 0.0 0.0 0.0 10. 0.5 0.5 0.5

/ one point light
l p -80. 120. -46.6 1.0 1.0 1.0


/ camera: pointing towards -Z, 35mmx25mm "film", 35mm focal length
/ making 160x120 pixels
/c 24.2 29.3 53.6 0.0 0.0 -1.0 35.0 35.0 25.0 640 480
c 200. 222. 83. -.5 -.7 -.5 35.0 35.0 25.0 640 480
